2982
2288
1237
3281
3282
2270
2053
2166
1686
2349
3394
2550
2807
3242
3828
3875
2782
1776
3565
1239
3140
3133
2707
3227
2571
3030
3139
2439
3142
1528
1629
3930
2030
2026
4251
1299
3035
3413
2602
2889
2957
2176
4146
2553
3179
1166
1268
1279
3955
1292
1627
2033
2535
3087
3104
1236
3568
1259
3800
2362
1576
2799
3000
2789
2118
5678
2267
1713
2311
1264
2387
2166
4100
3216
2720
2340
1025
2820
2163
2699
3215
2944
3205
1885
2699
3289
2496
2364
2890
2890
1639
2890
4259
2259
2414
2213
1307
1509
2309
2930
2604
4100
4100
3439
1665
2244
2925
1627
3317
2890
2890
2890
3128
3970
2705
3318
2799
2539
2097
3508
1839
1298
2047
2898
3398
2281
2300
2300
2891
3617
2346
2351
3770
4100
1202
4100
3439
2339
1636
3734
2985
3370
2450
2570
3082
3073
2470
2670
2280
1829
3178
4131
2826
2346
2183
2662
2088
3614
2404
2888
3537
2715
3113
2029
2085
1985
3009
2859
2054
2085
1677
3693
1561
3238
3556
2864
2740
2096
1830
1877
1907
2696
3239
1681
3127
3635
1389
3395
2529
2949
2220
3413
2825
3516
3831
3235
3627
3040
3070
3685
3014
3749
3484
2093
3253
2990
3479
4256
3649
3684
2752
2343
2342
3948
2339
3267
2633
3219
1199
3100
1352
1600
3226
811
2670
3700
3670
2613
1642
2197
3821
2202
4670
3670
3226
2867
1197
2970
3226
3285
1810
3670
1607
1197
2890
4635
4670
3670
1613
1918
2335
3225
2657
5670
3267
3877
4626
2670
1870
3670
5605
2670
1620
2670
1199
1603
3670
5700
4670
3670
3284
2098
2350
2670
3828
2686
2167
1644
2467
1668
2167
1627
3267
1199
2467
1197
1797
1653
3477
1617
3125
2090
2670
1597
2670
1641
3763
1890
2670
1199
1601
3077
2670
1397
2167
1608
1197
3277
2167
2467
2167
3277
1656
1197
3226
5260
5258
3208
4253
2260
2167
1609
3819
1854
1600
1017
2203
1199
1970
3670
1670
1907
2970
2867
3827
1829
2670
1356
1147
2623
1602
1604
2673
1297
3199
2670
2867
4670
2970
1679
3270
3570
1070
3356
1697
2372
1121
2653
1556
1626
2389
1956
2670
1999
1610
2156
1197
3670
2148
2867
2970
1629
1904
1202
1618
2627
2633
1608
1602
2670
3670
3274
2894
2670
1197
3267
2867
2970
1607
3474
1240
2670
2867
3259
5039
2867
3670
1197
5664
5750
3281
3282
2270
2053
2166
1686
2349
3394
2550
2807
3242
3828
3875
2782
1776
3565
1239
3140
3133
2707
3227
2571
3030
3139
2439
3142
1528
1629
3930
2030
2026
4251
1299
3035
3413
2602
2889
2957
2176
4146
2553
3179
1166
1268
1279
3955
1292
1627
2033
2535
3087
3104
1236
3568
1259
3800
2362
1576
2799
3000
2789
2118
5678
2267
1713
2311
1264
2387
2166
4100
3216
2720
2340
1025
2820
2163
2699
3215
2944
3205
1885
2699
3289
2496
2364
2890
2890
1639
2890
4259
2259
2414
2213
1307
1509
2309
2930
2604
4100
4100
3439
1665
2244
2925
1627
3317
2890
2890
2890
3128
3970
2705
3318
2799
2539
2097
3508
1839
1298
2047
2898
3398
2281
2300
2300
2891
3617
2346
2351
3770
4100
1202
4100
3439
2339
1636
3734
2985
3370
2450
2570
3082
3073
2470
2670
2280
1829
3178
4131
2826
2346
2183
2662
2088
3614
2404
2888
3537
2715
3113
2029
2085
1985
3009
2859
2054
2085
1677
3693
1561
3238
3556
2864
2740
2096
1830
1877
1907
2696
3239
1681
3127
3635
1389
3395
2529
2949
2093
2764
2163
1981
2393
2288
2046
2743
2286
2713
1932
2109
2112
4269
2831
2707
5446
4720
3958
3303
1517
3248
3718
2978
2948
1960
3939
3521
1933
1621
2868
3781
1869
1426
1855
4289
1273
4243
2416
2433
3490
1920
1909
3113
3955
1894
2200
6026
4368
3424
3338
4066
3133
2758
3302
1386
1340
1619
2978
2731
1649
1691
1677
2244
2103
2515
3958
2317
1376
3292
4174
2692
1553
2626
2242
2326
1698
1551
2585
4024
2358
4154
4172
4280
2720
1228
3855
1142
2545
1972
3946
2590
2251
2448
3884
3247
3128
2623
1415
3319
1669
3794
2851
3327
3497
2875
2963
2419
2246
1741
4627
3214
2640
3131
1145
3734
2978
4195
4179
3362
3636
2784
4115
3339
3446
1761
2517
2296
2298
2177
3938
3836
3057
2592
1778
4096
1188
1720
4288
3662
1800
3831
4112
1477
1618
2867
3849
2619
2741
4310
1737
2012
2244
1276
1509
2702
2111
1836
1238
1186
2178
2717
2627
2193
2685
3928
2145
3353
4078
3969
3044
1507
1575
2247
1366
2710
1343
3446
2502
2484
2558
3038
2065
3250
1483
1479
1903
2313
1466
1695
1937
3975
3485
2668
3051
1181
1826
2321
3365
2879
4150
4166
3285
2791
1680
1232
1248
4955
2874
1288
1620
2277
2481
2766
3245
3398
2036
2867
3413
4877
3057
2467
1311
4177
2305
1511
3263
1766
1957
2259
2349
2688
3439
3890
2776
4115
5387
2660
2294
3151
3143
3992
3430
2201
3826
2773
3644
2433
3883
3319
2704
3470
1419
1575
2442
3426
3893
2167
2725
3255
1411
2591
2711
2667
2276
4126
1800
1444
2928
1668
3489
4178
1850
2046
1912
2674
1779
2174
1614
2606
2224
1379
2251
1812
3926
2899
3951
2267
4277
3752
3878
1674
2114
3500
2827
4283
1633
2910
2592
2674
2714
1851
3386
1509
2001
2601
1448
2167
2665
1950
1724
3156
4281
3784
3048
1782
1985
2897
1258
4225
1803
2629
3395
2413
1953
1981
2136
4215
2995
1693
1285
2165
2203
2614
2897
3888
1860
2854
2802
1711
1728
4301
3900
3187
2924
1460
3119
1897
2869
3929
3804
2603
1628
2471
3299
2232
1643
2523
1759
3876
2019
2446
2209
3219
2546
3474
2758
3399
2623
2561
2866
1440
1183
3025
3543
1672
1795
3990
2876
3706
2624
1280
2897
3139
3009
2068
1896
2623
2417
4067
1230
3494
3231
2441
1274
1892
3938
1907
3775
2401
2340
1655
2740
1597
2250
1144
1947
2607
3157
2507
4048
3471
4866
5124
1450
3511
1427
2521
4263
4979
5746
3129
3705
2189
1142
3810
2639
4163
3003
1967
1350
1391
3248
3612
3764
2490
3216
4160
3413
2254
2473
1701
2138
1607
1693
2226
3452
2128
2828
2001
2796
4230
1328
1930
1825
2024
3766
2204
1840
1663
2127
2271
2166
2020
2076
2351
3884
3378
3508
1895
1537
2103
3793
2634
1784
2921
2538
2424
1456
3531
2565
3843
6091
4298
3593
3222
3488
2637
2811
2251
4101
2616
2888
1155
2107
2883
1979
3115
4287
3962
3921
3538
2442
3300
2793
2496
3418
2217
1455
4319
3387
2788
1413
4036
2623
2883
1246
1525
2573
1698
2368
1795
2253
3889
3333
3404
1233
3001
2901
4195
4061
3552
1894
3384
1663
2291
1415
1816
1902
1915
3089
1440
1413
1769
3524
3477
2594
3843
1730
4159
1199
1542
3221
3909
4166
4184
2881
1498
3679
3597
3600
3373
3602
1146
3722
1294
4132
1627
3452
1627
1336
2361
2593
1454
2012
3427
2286
2363
1430
4198
3159
3679
3226
3860
3965
2094
3419
2165
2042
1903
3790
2826
2480
2452
3767
3434
3041
2138
1648
1401
1639
3616
1237
3874
1633
2269
1146
3907
1149
3678
2011
1256
1868
3172
1854
1488
1405
2941
3880
1691
3805
1909
1844
1829
4052
2870
4290
2307
2179
2033
4544
4234
3243
1371
3063
4686
3610
4229
1831
2574
5925
5624
4671
3830
3169
3952
3764
2310
2211
1865
1402
1814
2255
2798
3326
1599
3840
1702
3981
4160
4664
2207
4732
4662
3821
3604
3873
3513
4594
1782
1801
4389
2036
4257
3748
1192
2217
1198
1805
2405
4095
1625
3402
2714
2927
1571
3392
3797
3663
2005
2084
1557
1354
1423
3621
3089
3287
3036
2493
1691
1377
2073
1867
1710
2406
3474
2210
1659
3269
3622
4085
3558
2762
1111
1428
1209
1293
1596
3115
3644
3254
2917
3977
3377
1963
2589
2036
1496
3994
3403
1533
2928
4206
4637
4420
1845
3956
2061
4871
4577
1427
4174
3609
2445
3804
2714
3176
3992
3315
2113
2031
1712
2847
3549
3003
2388
2179
3879
1553
2074
1700
3658
2503
4010
1125
1479
3871
1672
2420
2084
3393
1673
3276
1749
3007
2765
1414
3060
3921
2643
2484
1588
3182
2252
2824
1761
2704
1645
2135
4082
2338
3167
1455
2626
3385
1921
1654
3962
3579
2114
3750
3334
1515
1746
1906
4712
4541
3066
4326
2006
4480
4406
1523
2924
2483
3647
2444
1482
1243
1464
3053
3197
2132
2609
1930
2174
4959
2816
3401
2651
1855
3380
1477
3568
1821
3871
2860
1623
2578
3331
2909
3211
1170
1701
1143
1329
2157
1106
1862
3633
2770
1195
3056
1431
2882
3057
3339
2905
3775
3576
3172
2189
2127
1956
1629
3221
3790
2253
3575
1392
3178
1845
2109
3883
3128
3888
2810
1696
1704
2075
1286
1522
3274
2347
2294
1080
2183
3046
3303
3020
3626
2207
2442
3677
2687
3113
2893
2743
3182
3294
1658
3815
1681
2699
2629
2918
3162
2067
2386
3894
2266
3078
1696
1262
1093
3914
2353
2924
3299
2440
3453
2026
2458
1708
1990
2089
2560
3789
1554
1490
2565
4178
1861
3720
2573
3409
2743
3236
4030
2631
3606
1742
2090
1996
2653
4289
1328
1466
2151
3550
3215
2434
1542
3887
1427
3445
1383
2010
4224
3858
4057
4286
3213
2032
2571
1372
2884
1795
2818
3865
2607
1740
1421
2448
1849
4039
1311
2739
3517
2321
2948
2132
2068
1351
2237
4280
1573
3166
2697
2981
3068
2044
1762
2525
2492
3472
2793
1730
2559
2023
4067
4204
3687
3772
1881
2977
2791
3755
3372
2992
4659
3323
3928
1729
3105
2072
3148
2690
1901
2021
1832
2135
2437
2452
3376
2746
1591
3500
2501
3328
1554
2084
3410
2582
3229
1895
2414
2405
2933
2558
2285
1234
2282
2544
3209
1159
3037
2789
3011
1652
2168
3150
2115
1109
2974
3439
981
1078
1162
2033
2097
3067
4950
3477
3558
3097
3507
3547
1530
3278
1541
2207
3249
3351
2689
2887
2853
1328
3542
1649
1120
1918
1813
1794
1618
1086
1023
1574
2883
2880
3116
2723
3432
2511
2125
2648
3313
2966
3040
1975
2865
1824
2916
1431
1629
1272
2028
2539
3877
1341
3500
2889
2634
2669
1801
3257
3083
4260
1389
3086
3596
2028
1170
1512
1310
3521
4109
1256
1569
1710
3885
2300
2907
3778
3030
1302
3549
3470
3095
1255
2328
2338
3006
1840
3153
1827
1357
3259
4003
4308
3271
4107
2894
3337
2675
1683
2330
3628
1889
3597
1378
1984
1533
2356
3750
1967
1412
1253
2357
3375
3842
3723
1224
3168
4116
2765
1678
3157
3340
4248
3674
2451
3577
2314
4203
2850
2258
3558
4265
2350
4254
1393
2410
1691
2673
1391
1218
2926
2467
1878
1337
1177
3623
3260
2022
2433
2174
3999
2438
3197
3379
1434
2250
3382
2598
3068
1804
2842
2415
2134
2324
1277
1510
1183
2283
3359
3448
1958
3793
2731
2629
1687
1619
2627
2088
2964
5299
4119
3473
3698
1758
2727
3613
3524
1315
3396
1275
1753
2729
1496
2814
1975
3074
2654
4345
4489
4772
3963
3656
3439
3126
1396
2454
1504
1592
1550
3961
1726
2051
2619
3729
2168
3625
2858
3862
4108
2239
2861
3882
1425
1354
4300
3168
3621
2226
2717
2396
3784
2365
4083
2382
3049
2125
1972
3961
2792
3054
3071
3869
2746
3450
4037
4000
4020
3392
4249
3310
2796
3589
3621
2224
1528
2931
1836
2231
1174
1248
1778
3635
3187
1432
1811
2821
3057
1183
2136
2026
3677
3085
2718
2445
2852
1498
2781
1586
2402
2140
2049
2205
4197
4889
3943
2284
2502
3532
2435
2846
1710
2208
2467
2965
1619
2067
4034
3582
1340
4302
3147
4277
4144
1574
3430
4243
1456
2431
1836
3082
1274
1372
4071
3218
3099
3248
4169
1964
2228
3228
1359
2195
2544
2559
3362
1771
3744
3039
2932
2480
2092
1540
2932
3524
2561
3995
2114
3052
1694
1285
1201
2017
2315
3982
1668
3289
3642
1639
3313
2233
3202
3398
2684
2969
1678
3207