1660
1720
1680
1710
1760
1830
1720
1790
1840
1680
1700
1700
1710
1870
1890
1730
1750
1750
1750
1750
1760
1770
1910
1890
1740
1700
1720
1740
1760
1760
1890
1750
1870
1720
1780
1720
1700
1840
1740
1900
1690
1870
1870
2070
2080
1860
2030
2060
1930
1820
1850
1760
1800
1760
1710
1890
1720
1850
1730
1770
1780
1810
2020
2110
1910
1740
1740
1830
2050
2030
1740
1880
1780
1850
1800
1740
1770
1890
1740
1800
1790
1900
1840
1790
1850
1760
1800
1920
1790
1750
1890
1770
1720
1760
1880
1830
1920
1940
1850
1810
1870
1840
1770
1940
2050
2070
1860
2050
1900
1870
1810
1790
1790
1730
2030
2050
2090
1840
1740
1720
1750
1710
1930
1770
1860
1750
1720
1790
1770
1800
1910
1970
1760
1980
1760
1740
1780
1750
1820
1740
1720
1740
1890
1750
1730
1740
1930
1890
1730
1740
1770
1720
1720
1760
1710
1840
1740
1760
1720
1790
1780
1770
1850
1740
1710
1740
1730
1690
1750
1770
2050
1750
1820
1770
1720
1720
1850
1760
1730
1870
1710
1740
1780
1740
1700
1750
1890
2030
1740
1720
1720
1880
1700
1710
1750
1830
1860
1740
1750
1750
1780
1740
1900
1910
1750
1820
1940
1780
1750
1780
1930
1750
1770
1930
1700
1670
1700
1750
1780
1850
1750
1840
1700
1710
1690
1700
1700
1920
1750
1900
1740
1740
1770
1710
1730
1870
1680
1820
1700
1800
1800
1720
1840
1730
1740
1820
1680
1760
1680
1720
1860
1700
1710
1790
1710
1700
1720
1700
1830
1730
1680
1710
1760
1690
1690
1710
1750
1800
1690
1690
1870
1800
1690
1730
1860
1700
1760
1740
1700
1710
1720
1730
1880
1810
1740
1830
2080
1720
1720
1940
1760
1710
1840
1770
1970
1720
1750
1710
1710
1730
1700
1690
1820
1720
1860
1710
1760
1770
1750
1740
1710
1880
1730
1840
1750
1710
1720
1730
1690
1790
1840
1840
1730
1750
1750
1810
1720
1680
1700
1840
1690
1680
1690
1700
1700
1680
1710
1900
1860
1720
1710
1730
1740
1740
1740
1850
1870
1740
1740
1710
1760
4770
4590
2800
3200
1740
1920
1950
1800
1800
2040
1940
2030
2100
2030
2110
2050
1930
1920
1930
1970
1980
1980
1920
1890
1980
2480
2200
2000
2080
2060
2190
1990
1910
2020
2060
2240
2260
2180
1900
2020
2060
2080
2150
2000
1950
1960
1970
1920
1910
1990
1950
2040
2040
2010
2150
2010
1860
1990
2000
1930
1940
2140
1900
2010
2170
1980
2010
1840
1950
2060
2020
2060
2260
1990
2120
2010
2070
1980
2070
2130
2060
2230
1970
2060
2030
2070
2040
1910
2060
2250
2160
2070
1960
1920
1900
1880
2000
2150
2030
2070
1920
1950
1860
1890
1880
2020
1990
1830
1960
1950
1960
1920
1920
2070
1890
1930
1880
1890
1880
1950
1850
1900
1950
1910
2020
2050
1770
1770
1770
1850
1810
1810
1710
1620
1680
1760
1720
1870
1860
1700
2060
1910
1840
1990
2300
2370
1980
2130
2140
2440
2730
3100
2660
2480
2430
3300
3370
4040
2870
2860
2910
3230
3070
3550
3630
2800
4310
2730
3000
3370
3060
3440
3030
2890
2590
2860
3460
3470
2940
2610
2600
3180
2990
3410
3490
2950
3000
2580
2730
2840
3220
2990
3190
3100
2990
3770
2620
3010
2690
2560
2820
3440
2560
2620
3190
2220
2930
2570
2400
2200
2330
2220
2560
2210
1890
2650
1960
2730
2170
2290
2230
2610
2020
2100
1940
1960
2250
2170
2030
1770
1800
2200
2310
1810
1790
1860
1790
1820
1840
1730
1780
1930
1860
1840
1860
2170
1620
1650
1730
1650
1860
1880
1740
1830
1720
1650
1630
1710
2040
2070
1860
1750
1610
1660
1630
1650
1680
1710
1770
1670
1710
1680
1680
1700
1660
1680
1660
1710
1780
1670
1870
2320
1670
1780
1670
1740
1650
1820
1670
1730
1760
1790
1690
1700
1650
1960
1730
1700
1870
1850
1740
1720
1740
1770
1750
1840
1670
1720
1730
1680
1660
1690
1800
1680
1610
1640
1610
1670
1660
1640
1640
1640
1710
1700
1670
1850
1720
1690
1680
1690
1680
1740
1710
1810
1680
1670
1710
1640
1650
1950
1710
1840
1710
1700
1650
1650
1640
1770
1630
1760
1680
1630
1660
1710
1680
1740
1820
1700
1680
1750
1650
1660
1680
1660
1910
1710
1960
1860
1640
1760
1680
1630
1610
1670
1680
1690
1660
1680
1770
1790
1990
2110
1990
2010
2820
2340
1910
1940
1990
2080
2000
1950
1730
1850
1750
1880
2060
2120
1840
1810
1820
1950
2280
2120
2000
1830
1800
1770
1840
2020
2130
2070
2070
2180
1990
1820
1960
1980
1800
1950
1830
2140
1920
1810
1950
1950
1810
1830
1820
1980
1730
1960
1780
1750
1910
1830
1860
1950
2130
1840
1900
2030
1980
2010
1840
2100
1970
1840
1940
1920
1860
1860
2100
1890
1850
2220
1830
2030
1900
1870
2240
2080
2020
2340
1840
2280
2060
2050
1900
1850
1950
1950
1940
1910
2000
1970
1890
1930
1930
1830
1980
2240
1980
2020
1900
1840
2330
2060
2150
2180
2680
2230
2130
2620
2140
2310
1780
1790
2100
1770
1870
2640
2270
1950
2090
1800
3190
3190
3270
3210
2430
2880
3110
2710
2350
3090
2760
2450
2000
2200
3000
2410
2470
2430
2320
2160
2360
2090
2350
2100
2080
2230
2120
2210
2090
2040
2100
1590
1570
1680
1640
1750
1600
1580
1570
1680
1730
1690
1630
1630
1590
1710
1760
1710
1590
1620
1720
1620
1640
1740
1680
1600
1710
1650
1710
1770
1750
1620
1620
1610
1590
1580
1690
1640
1760
1630
1620
1600
1640
1620
1610
1780
1580
1620
1570
1690
1630
1780
1630
1720
1620
1580
1610
1700
1600
1770
1590
1640
1610
1770
1790
1990
2110
1990
2010
2820
2340
1910
1940
1990
2080
2000
1950
1730
1850
1750
1880
2060
2120
1840
1810
1820
1950
2280
2120
2000
1830
1800
1770
1840
2020
2130
2070
2070
2180
1990
1820
1960
1980
1800
1950
1830
2140
1920
1810
1950
1950
1810
1830
1820
1980
1730
1960
1780
1750
1910
1830
1860
1950
2130
1840
1900
2030
1980
2010
1840
2100
1970
1840
1940
1920
1860
1860
2100
1890
1850
2220
1830
2030
1900
1870
2240
2080
2020
2340
1840
1640
1610
1620
1610
1640
1690
1740
1580
1780
1630
1960
1920
1930
1730
1590
1620
1740
1620
1600
1580
1570
1600
1660
1570
1620
1630
1640
1620
1620
1590
1600
1610
1610
1660
1650
1650
1610
1580
1680
1620
1630
1600
1610
1640
1610
1590
1600
1580
1580
1570
1710
1610
1660
1640
1590
1600
1720
1710
1580
1570
1580
1580
1610
1670
1560
1660
1590
1600
1540
1630
1570
1620
1680
1600
1660
1620
1580
1630
1590
1840
1580
1610
1630
1600
1600
1590
1700
1590
1620
1620
1640
1640
1670
1740
1590
1570
1580
1590
1740
1600
1680
1660
1580
1590
1570
1670
1720
1560
1610
1610
1570
1560
1660
1700
1610
1580
1620
1640
1700
1580
1580
1610
1670
1560
1660
1590
1600
1540
1630
1570
1620
1680
1600
1660
1620
1580
1630
1590
1840
1580
1610
1630
1600
1600
1590
1700
1590
1620
1620
1640
1640
1670
1740
1590
1570
1580
1590
1740
1600
1680
1660
1580
1590
1570
1670
1720
1560
1610
1610
1570
1560
1660
1700
1610
1580
1620
1640
1700
1670
1740
2010
2350
2050
1750
2340
4360
1850
1770
1770
1830
1910
1780
1710
1810
1730
1800
1780
1820
1740
1730
1680
1830
2030
1710
1750
1750
1700
1740
1700
1910
1730
1730
1740
1780
1820
2040
1900
1970
1860
1960
1890
1920
1870
1870
1900
1950
2210
1930
1750
1710
1820
1810
1870
1780
1840
1740
1960
1820
2070
2000
2020
1910
1830
1810
2180
2070
1960
2670
2260
2470
2780
2030
2320
1910
2450
1930
1950
1900
1750
1700
1850
1950
1750
2100
2260
1890
2110
1830
1830
1980
1910
2060
2300
2580
2090
1920
1820
1760
1740
1940
1890
1930
1820
1980
1860
1910
1860
1990
1830
1910
1820
2070
2090
2040
2150
1950
2180
2160
2210
1990
2030
1870
2050
1930
2000
1850
1960
1800
1810
1740
1870
1880
1970
2330
2170
2240
1870
2040
2140
2180
2580
2350
2340
2630
1900
1920
1740
1750
1780
1930
2280
1780
1810
1760
1930
2090
5310
6120
6590
2920
4970
4600
5250
6680
7360
6140
1690
1960
1740
1900
2270
1790
1840
1850
2120
2550
2820
2000
2320
2530
2140
2340
2460
2150
1710
1820
1710
1810
1960
2140
2040
1890
1880
1910
1690
1740
1930
2050
1840
1790
1910
1730
2010
2690
1950
1780
1730
1790
1800
1710
1820
1680
1730
1720
1840
1840
2270
1840
1810
1720
1770
1730
1770
1830
1910
1730
1710
1780
1710
1690
1830
1740
1850
1760
1800
1680
1750
1710
1780
1740
1690
1790
1820
1790
1800
1720
1710
2220
1840
1650
1680
1690
1660
1710
1740
1810
1850
1850
1710
1930
2000
2270
2800
2510
1760
1910
2020
3460
3840
1610
1660
1680
1670
1740
1760
1690
1620
1930
1870
1780
1660
1640
1750
1700
1760
1650
1670
1720
1580
1760
1940
1910
1630
1660
1670
1750
1590
1570
1570
1660
1670
1580
1560
1720
1560
1690
1820
1610
1770
1610
1660
1630
1620
1580
1630
1630
1580
1580
1600
1620
1660
1640
1650
1560
1720
1670
1780
1950
1780
1960
1760
1760
2140
1980
1910
2280
2540
2450
2160
1710
1880
2370
2170
1870
1800
1770
1780
1870
1710
1960
1770
1750
1630
1700
1600
1680
1790
1620
1660
2220
2260
1640
1730
1590
1700
1630
1590
1650
1690
1640
1650
1690
1580
1590
1600
1740
1670
1620
1650
1730
1620
1620
1590
1970
1580
1590
1570
1730
1670
1640
1620
1610
1640
1570
1720
1690
1730
1640
1610
1600
1610
1800
1670
1580
1630
1700
1730
1640
1640
1750
1630
1620
1660
1690
1590
1730
1640
1780
1610
1620
1680
1600
1600
1720
1700
1780
1650
1660
1670
1670
1820
1720
1850
1910
2080
2020
1590
1590
1580
1650
1660
1820
1850
1800
1880
1870
1710
1660
1750
1660
1920
1690
1730
1740
1620
1630
1750
1810
2590
1600
1730
1650
1590
1630
1620
1640
1630
1630
1660
1710
1640
1740
1900
2850
2220
1830
1660
1630
1760
1810
1640
1670
1640
1600
1710
1840
1660
1660
1740
1640
1740
1630
1630
1630
1610
1690
1720
1780
1650
1680
1650
1620
1740
1710
1640
1600
1620
1630
1760
1680
1800
1620
1670
1640
1650
1740
1710
1620
1640
1600
1770
1720
1640
1670
1950
1730
1680
1760
1610
1600
1660
1800
1760
1960
1670
1720
1780
1720
1720
1720
1800
1730
1780
1850
1740
1920
2220
3420
2350
1920
1680
1700
1840
1660
2020
1810
2580
2510
2040
1780
1690
1840
1780
1720
1660
1780
1860
1800
1740
1660
1680
1690
1820
1730
1710
1690
1760
1680
1800
1800
1780
1630
1850
1780
1640
1680
1930
1810
1740
1880
2060
1790
1940
1850
1660
1640
1850
1710
3660
1600
1600
1610
1810
1620
1640
1700
1680
1610
1590
2210
1640
1570
1790
1700
1580
1610
1590
1620
1570
1560
2290
1650
1580
1560
1570
1950
1580
1580
1610
1640
1580
1570
1560
1570
1540
1570
1600
1900
1820
1880
2260
1640
1720
1720
1680
1980
1720
1790
1710
1700
1740
2120
1870
1830
1860
2430
1900
1780
1840
1700
1840
1800
1870
1750
1790
1750
1920
1720
1890
1880
1880
1730
1780
1780
1760
1860
1780
1820
1730
1750
1780
1810
1720
1730
1780
2600
1780
1890
1810
1730
1740
1800
1760
1790
1760
1860
1820
1800
1800
1700
1820
1810
1770
1730
1780
1820
1790
2000
1790
1840
1750
1900
1720
1860
4440
3840
3670
1860
1980
1810
1730
1700
1920
1750
1970
2130
1930
1780
1820
1820
1820
1840
1850
2000
2250
1760
1840
1790
1760
1850
1850
2200
2070
1960
1880
1840
1840
1850
1980
1900
2050
1790
2240
1960
1960
2130
1890
1910
1950
1950
1840
1830
1890
1720
1760
1850
1900
1780
1710
1770
1750
1970
1800
1770
1720
1710
1760
1850
2110
1860
1850
1850
1820