1299
3687
1172
1179
2178
1172
2178
3178
4591
769
1170
1169
2591
2591
3687
4592
2590
1178
1168
1299
2798
1178
1168
2799
2809
2798
2875
2797
2815
2815
2816
2834
2920
2836
2920
2913
2912
2912
976
2913
920
920
921
1001
2473
2598
2571
2502
2563
2484
2566
2570
2543
2506
2544
2473
2521
2442
2520
2437
2485
2608
2836
2763
2715
2713
2675
2675
2505
2643
2797
2607
924
2596
1080
2514
2588
2655
1350
1314
1515
1420
1397
1486
1395
1436
1380
1447
1441
1344
1436
1341
1335
1059
1436
1447
856
883
872
856
3841
1441
3789
1436
873
1288
843
3823
3788
3761
3767
1447
883
1052
1333
1144
2369
1143
2514
1125
1180
1129
1109
1125
1051
1126
1027
1124
1026
1052
1222
1283
1258
1353
1257
1238
1334
1080
1227
939
1221
1221
1121
1210
1117
1190
1238
1770
1601
1747
1825
1745
1769
1708
1769
1707
1824
1707
1655
1655
1746
1654
1653
1914
1773
1872
2380
1821
1912
1860
1820
1912
1816
1816
1598
1828
1799
1824
1775
1832
1774
1861
1860
1493
1706
1466
1521
1481
1436
1531
1535
1433
1479
1432
1502
1463
1424
1444
1390
1463
1493
1492
1545
1540
1536
1540
1502
1533
1501
1522
1825
1534
1493
1547
1521
1487
1545
1507
1493
2122
2057
2247
2331
2244
2244
2172
2255
2116
2332
2101
2061
2099
2060
2112
2059
1860
2171
984
2421
2411
2330
2401
2309
2380
2335
2300
2109
2299
2372
2298
2374
2297
2333
2256
2307
1876
2097
1906
1966
1924
1896
1960
1985
1879
1912
1937
1878
1950
1912
1854
1915
1862
1920
1996
2075
2016
2075
1999
1985
1974
1943
1960
2420
1958
1987
1954
1997
1952
1986
1946
2010
1534
1595
1582
1549
1549
1534
1522
948
1482
1643
1516
1491
1480
1454
1438
1460
1495
1655
1804
1788
1767
1739
1717
1748
1617
1724
1703
1631
1665
1646
1634
1620
1598
1586
1373
1724
1056
1438
1091
1080
1060
1044
1099
1123
1070
1143
1041
1017
1018
978
968
2954
2932
1085
1267
1807
1397
1383
1346
1311
1359
1106
1290
1392
1289
1267
1210
1219
1163
1139
1119
1315
2156
2071
2225
2215
2204
2187
2175
2251
2168
2261
2163
2151
2136
2123
2110
2099
1765
2179
2350
2455
2433
2501
2479
2463
2449
2238
2382
2141
2331
2322
2308
2296
2284
2369
2274
2406
1891
2086
1931
1908
1894
1882
1862
1934
1904
1947
1780
1880
1860
1848
1834
1851
1840
2948
1920
2047
2125
2115
2102
2087
2074
2062
1946
2058
1793
2030
2008
1983
1967
2030
2010
1969
2047
1350
1320
1302
1287
1429
1253
1463
1325
1312
1298
1286
1825
1266
1745
976
1790
1790
1760
1747
1732
1391
1758
1225
1726
1682
1597
1557
1558
1509
1493
1691
935
1252
1099
1089
1078
1049
1020
1020
969
1050
920
896
982
963
947
935
920
1354
1196
1214
1202
1189
1174
1147
1134
1115
1208
1845
1182
1154
1141
1123
1103
1091
1079
1221
2429
2236
2562
2547
2525
2498
2521
2542
2468
2559
2453
2397
2357
2282
2378
2282
1807
2502
2765
895
2915
2850
2832
2783
2847
2576
2779
2222
2730
2678
2770
2747
2713
2675
2579
2832
1953
2247
2071
2060
2040
1974
1956
2097
1972
2112
1932
1895
1898
1862
1829
1808
1861
1931
2181
2074
2060
2040
2205
2200
2188
2177
2247
2236
2224
2084
2193
2965
2156
2127
2105
2089
2074
2060
2040
2205
2741
2867
2852
2807
2804
2850
2770
3242
2795
2964
2644
2636
2636
2582
2573
2655
2780
3022
1447
3196
3158
3158
3150
3119
2877
3038
2918
3050
2995
2994
2993
2979
2976
2484
3074
2024
2554
2180
2176
2175
2110
2077
2180
2069
2194
2062
2091
1993
2035
1971
1875
1847
2071
2284
3245
2518
2402
2388
2378
2396
2278
2296
2532
2283
2281
2235
2235
2232
2230
2195
2300
1167
1321
1226
1275
1202
1165
1157
3212
1157
1255
1050
1027
1024
1022
1019
1005
1206
1366
1502
1502
1455
1431
1376
1285
1237
1272
1324
1272
1357
1272
1333
1264
1327
3958
1366
3342
3976
3589
3583
3537
3479
3470
3591
3451
3607
3337
3317
3360
3323
3340
3258
3258
3470
3751
1838
3952
3898
3894
3888
3849
3595
3752
3958
3740
3732
3711
3660
3653
3648
3647
3789
1840
1919
1919
1927
1875
1848
1943
1846
1885
2021
1811
1791
1778
1674
1660
1583
1848
2245
2296
2292
2182
2266
2174
2250
1962
2175
1983
2151
2219
2150
2199
2116
2103
1503
2171
815
1635
1275
1146
1062
1008
894
1209
953
1219
3767
3700
3698
1681
823
1123
1323
889
1389
2406
1484
1451
1428
1512
1425
1263
1389
1504
1374
1368
1322
1257
1228
1219
1209
1399
1269
3137
1401
1352
1347
1309
1309
1409
1273
1411
1269
1269
1352
1262
3222
3222
2384
1309
1635
1562
1817
1800
1771
1762
1787
1407
1639
3133
1598
1604
1518
1513
1507
2653
1563
1463
1686
2653
3148
2684
2679
2679
2662
2659
2767
2650
2886
2577
2558
2506
2484
2518
2508
1841
2653
2979
3094
3070
3058
3058
3058
3058
2690
2981
2397
2942
2917
2886
2886
2874
2867
2916
3057
3318
3392
3360
3370
3350
3368
3328
3103
3355
895
3392
3356
3317
3367
3342
3300
3376
927
893
971
930
893
969
929
3394
968
3492
3491
942
905
3449
925
3438
3283
3491
3165
3394
3283
3261
3245
3192
3199
3201
3199
3247
3199
3149
3187
3143
3104
3180
1502
3165
3261
894
3261
3238
3279
3258
3208
3194
3282
3319
3207
3293
3276
3257
3204
3288
3265
3299
1253
1225
1392
1357
1300
1386
1348
1380
1299
1380
1293
1237
1297
1226
1284
1225
934
1380
1356
1365
1442
1395
1358
1401
1357
1331
1391
1256
2472
1391
2596
1433
1386
1349
1423
1449
983
1293
971
1023
942
1020
941
1000
905
1021
942
896
992
941
895
942
3134
942
1124
1190
1273
1190
1273
1179
1179
1024
1127
975
1123
1123
1061
1058
1057
1023
1021
1226
2201
2366
2335
2323
2318
2283
2270
3137
2202
2347
2201
2161
2150
2140
2139
2132
2202
2544
2583
2546
2544
2545
2544
2545
2545
2540
2342
2539
2347
2544
2519
2412
2412
2367
2365
2048
2537
1671
2095
1772
1725
1723
1716
1717
1818
1677
1830
1675
1610
1601
1571
1571
1568
1412
1710
1951
2667
2034
2009
2002
2000
2048
1790
1992
2054
1911
1896
1890
1846
1845
1845
1841
2041
2800
2754
2957
2934
2958
2933
2832
2937
2828
2973
2793
2829
2776
2873
2776
2826
2664
2800
3071
3090
3177
3134
3089
3159
3118
3023
3118
2795
3123
3104
3039
2996
2946
2976
2942
3064
2654
2776
2688
2656
2731
2689
2655
2756
2688
2657
2738
2688
2649
2704
2675
2644
1556
2742
2737
2731
2704
2799
2737
2704
2732
2711
2667
2583
2704
2667
2736
2699
2667
2728
2697
2702
3077
3172
3192
3154
3192
3158
3109
2600
3096
3315
3049
3104
3084
3055
3037
3088
3140
3316
3533
3439
3407
3426
3400
3426
3215
3365
3289
3294
3381
3361
3314
3290
3361
3003
3399
2775
3057
2871
2847
2831
2806
2866
2825
2826
2841
2765
2709
2733
2682
2716
2667
1509
2841
2921
3610
3031
2991
2953
2938
2992
2890
2939
3041
2954
2942
2925
2889
2904
2882
2861
2952
4268
4102
4344
4312
4285
4263
4273
4302
4200
4320
4238
4186
4228
4166
4134
4144
3568
4251
4358
4134
4144
3568
4251
4682
4559
4375
4385
4365
4352
4365
3594
4117
3735
3682
3765
3744
3713
3778
3619
3713
3575
3552
3620
3594
3566
3534
2581
3666
3797
4068
4055
4042
4010
3948
3925
3758
3844
3587
3853
3802
3783
3804
3789
3764
3748
3851
1908
1997
1982
1965
1943
1974
1951
2667
1889
1971
1889
1870
1841
1829
1909
1886
1910
2003
2125
2082
2046
2074
2033
2005
2016
2032
1943
1988
1971
1944
2033
2003
1989
1827
1991
1659
1861
1786
1769
1739
1701
1760
1744
1702
1777
1601
1634
1600
1630
1558
1628
2561
1740
1828
2142
1893
1876
1843
1830
1816
1714
1841
1840
1811
1784
1816
1784
1754
1728
1811
1872
2403
2446
2429
2411
2478
2460
2446
2459
2420
2478
2480
2462
2447
2432
2421
2403
2073
2433
2533
2545
2521
2599
2559
2529
2512
2444
2558
2432
2511
2559
2534
2519
2502
2474
2502
2601
2197
2458
2252
2202
2173
2252
2203
2201
2161
2228
2170
2142
2102
2149
2125
2075

2180
2340
2416
2373
2341
2311
2284
2371
2179
2281
2107
2311
2281
2312
2285
2261
2228
2259
2314
906
988
1081
1045
1026
1098
1086
1057
971
1011
980
976
966
957
947
936
927
3411
1029
3130
3435
3216
3206
3193
3177
3164
3235
3142
3245
3119
3106
3093
3083
3070
3049
3040
3152
3331
1123
3403
3393
3383
3373
3365
3227
3341
3427
3320
3310
3300
3292
3282
3271
3260
3354
1448
1373
1532
1522
1510
1494
1483
1466
1459
1481
1435
1444
1433
1422
1411
1399
1094
1473
1573
1598
1587
1573
1560
1630
1612
1455
1558
1647
1547
1589
1363
1558
1547
1547
1532
1521
1510
1490
1600
1148
1384
1271
1253
1237
1222
1230
1313
1176
1247
1137
1181
1151
1142
1129
1113
2998
1218
1340
1352
1424
1412
1399
1383
1372
1285
1351
1108
1329
1341
1331
1317
1295
1279
1265
1361
3026
2454
2770
1454
2770
2761
2737
2719
2693
2796
2763
2809
2796
2663
2809
2677
2897
2985
2973
2961
2947
2935
2779
2907
3214
2882
2870
2861
2851
2841
2829
2819
2918
3014
2740
2909
2884
2858
2916
2896
2874
2266
2781
2914
2833
2769
2734
2789
2749
2722
2834
2970
3037
3005
2976
3035
3003
2974
2864
3003
2891
3016
2986
2964
2916
2896
3916
2896
2874
2726
3034
2375
2704
2516
2588
2555
2516
2456
2629
2408
2649
2452
2435
2407
2374
2289
2262
1554
2437
2693
3141
2700
2706
2693
2659
2636
2554
2706
2769
2656
2638
2617
2686
2648
2627
2681
2620
3265
3304
3322
3348
3335
3323
3307
3349
3278
3361
3309
3296
3282
3268
3256
3241
3108
3293
3390
3369
3404
3388
3375
3356
3344
3336
3405
3290
3377
3358
3344
3328
3415
3397
3382
3328
3173
3226
3213
3199
3171
3148
3133
3195
3200
3210
3148
3133
3112
3206
3190
3162
2254
3113
3269
3278
3266
3253
3238
3221
3312
3162
3282
3129
3256
3243
3230
3213
3252
3238
3222
3295
952
1039
1025
1012
988
977
964
2297
963
1018
936
922
911
896
878
953
972
1219
1234
1286
1276
1256
1243
1231
982
1202
1004
1208
1134
1162
1068
1054
1028
907
1216
2548
937
2668
2746
2723
2651
1343
2738
3522
2755
2535
2515
2584
2565
2553
2540
2529
2518
2578
796
1279
891
876
865
866
853
2715
808
921
770
851
829
811
800
775
2760
823
1831
1753
1948
1937
1924
1898
1873
1945
1849
1958
1819
1807
1763
1752
1741
1792
1246
1861
2088
2240
2249
2226
2210
2188
2177
1932
2119
1741
2058
2047
2061
2048
2022
1999
2015
1438
2119
3412
2157
1438
1768
1542
1464
1397
1385
1371
1482
1346
1528
1392
1380
1368
1355
1338
1292
3412
1356
1656
1700
1701
1670
1657
1646
1628
1559
1667
1260
1643
1628
1601
1590
1577
1566
1555
1603
4604
735
4710
4725
4676
4614
4602
3382
4626
786
4564
4614
4601
4557
4514
4477
4579
777
826
831
801
780
763
750
755
803
772
758
4733
803
774
753
4732
4473
830
4310
4462
4324
4304
4292
4274
4258
4356
4334
4402
4294
4277
4264
4251
4235
4321
4303
4244
4335
4339
4347
4357
4376
4380
4406
4410
4419
4424
4430
4442
4444
4450
4458
4461
4473
882
929
994
1002
1181
1191
1193
1196
1206
1208
1213
1256
1273
1292
1293
1299
1301
1305
1312
1316
1318
1319
1325
1328
1333
1336
1351
1352
1356
1368
1401
1406
1410
1411
1435
1449
1449
1495
1496
1501
1641