8015
9356
9482
9127
8542
7384
9116
8359
7820
9574
8531
9333
9528
7189
7992
8450
8817
8290
8817
8657
8944
7889
7441
7476
9047
8473
9093
8989
8645
6364
6593
7235
7625
9035
8439
8324
9207
8382
7774
8187
8611
7889
7740
6260
5710
7671
6501
5928
7350
7957
7224
8955
7923
8622
8737
7464
9001
7499
8955
8439
8428
8210
6042
6214
7143
8875
8840
7476
6811
6318
8760
7613
7671
8003
8405
8863
7969
7854
8072
8370
8485
6753
8061
8313
7327
8600
7487
7510
8577
8726
7063
8588
9012
8634
7487
7373
6937
7189
7785
8175
6914
7854
8347
7235
6375
6020
7613
6432
7281
6799
8095
8359
8450
8714
6088
6386
6306
7808
8095
8989
8749
9093
7350
8095
7212
8691
8909
8072
8611
8015
7418
6650
8622
6776
8278
8886
8508
8714
8038
8129
9070
8898
7797
7854
9012
8817
7499
7097
8909
8817
7969
9070
8989
8657
9184
7327
8829
9047
8313
8783
8416
7808
8049
8794
9161
8817
8198
9288
8645
8531
6432
8657
7453
8496
8955
9184
7568
8588
8886
7648
9093
8118
8588
8760
9219
8244
7350
6421
8875
9035
9024
7143
9265
9161
9012
7396
7464
8749
8726
8634
7762
8817
7464
7327
5859
7396
6925
8393
8726
8382
7178
8622
7992
7120
9207
9689
9265
8221
8370
7820
8783
7774
8531
9127
9299
9276
9242
7430
8278
7418
8772
8840
8278
9437
8164
7831
9414
7992
9253
8256
8152
8187
8129
9024
8726
7648
9528
8416
9505
9150
7063
9219
9161
8129
9184
9299
8577
9253
7889
9207
9482
8382
8921
9345
9460
8313
9047
8233
9345
9356
7476
7751
9505
8542
7533
9288
8898
8347
9253
9161
8978
8496
7923
7659
8772
7969
6020
9070
9070
6444
8588
9161
8061
8416
6260
9104
8772
9173
9127
8393
9242
9345
7808
9024
7373
9058
8817
8508
8290
8840
9161
7602
9012
7522
8760
9161
9024
8129
9276
7900
8256
7934
8561
8313
8749
8084
9058
8772
9322
8416
8622
9460
9368
9391
9288
9471
8324
8049
7350
8829
9116
8966
8944
8393
9058
7224
8072
7934
9161
9196
8668
1914
1903
3772
2969
8806
6857
7097
8152
7384
6662
6971
6536
6042
6432
5446
4758
6719
7097
6432
6891
6708
6742
7201
7464
6134
4976
5068
6639
6192
6260
5676
6226
7384
6708
5859
5469
5010
5664
7315
6524
6386
6203
5446
6708
7017
6891
6444
7132
7109
6788
6948
6478
6272
6639
5297
6776
7671
6272
6524
7074
7269
5458
7373
6627
5274
7109
5905
7877
6937
6524
6490
5882
5676
6065
6042
6421
6283
6776
6157
5928
5848
5354
6857
6260
6558
5561
6421
7476
5951
5630
5160
6421
6834
7235
7361
6902
6639
5905
6318
6444
7269
6811
7189
7590
7476
6272
6799
7992
6581
6937
7166
7258
7189
5721
7418
7453
6868
7281
7613
7017
7132
7292
7178
7258
5882
6880
7877
8393
8714
7315
8439
8187
8927
10870
8863
10079
7545
9322
8405
8462
7086
9161
5687
6260
4976
5160
7361
6283
4254
4747
4391
3245
4712
4758
4919
2763
2625
3130
3875
3795
1387
3038
3497
2763
2889
4116
2041
4403
2717
3050
2889
3772
4082
4391
4357
3921
3015
2522
3669
4621
4196
3073
3256
3153
3772
3875
4414
1995
4024
2591
5400
3738
3161
3726
3428
2912
3440
4644
3543
3669
3543
3921
4655
3612
5343
5538
3348
4472
5102
6547
4472
6432
4655
5825
6994
5687
5114
5584
5332
6169
4494
6272
6421
6444
7086
7384
5641
6157
6524
8577
8003
6467
6891
7957
8187
8645
7476
8405
9781
8015
8634
7797
8565
8783
8026
458
14670
4207
6401
7458
11317
5782
6637
13128
6738
7425
14658
6052
4218
4578
11576
6896
7796
15097
7042
7627
14152
6232
6592
14298
6277
7368
13961
6896
7042
14017
7121
6502
6536
13871
4488
3600
14242
6423
6783
13803
6941
5501
7278
13331
5197
7053
14343
7245
4128
6963
13185
5928
6491
11981
6412
6615
12678
6176
6716
6120
13961
6693
6311
14096
6941
7020
13106
2553
14681
7650
7695
14085
7380
7503
15030
6873
6806
6828
13691
5321
6885
14163
6862
7020
13792
6716
6603
12847
6896
7335
13916
7413
7233
11036
5737
6693
7065
13893
7256
7436
14231
7143
7188
7413
14242
7627
7143
13365
7402
6547
12768
7166
6997
6525
14557
7267
7503
13815
5017
7065
9877
7042
7526
13410
7391
7503
7706
14647
7076
7166
14535
5703
11936
5580
4792
5287
9618
4770
2452
8988
5737
4927
4916
9798
5175
5208
12363
6457
6322
10136
3015
6007
11733
5726
6030
5130
7920
4713
5017
11778
6187
6288
10923
4421
4286
9326
4308
4252
5827
10822
5456
5028
11610
5726
5557
4050
11610
5748
5197
10766
6266
5478
10890
6153
5310
5793
12510
6547
4848
11351
5670
5647
4511
11441
4950
4860
9686
5422
5580
10552
5298
5400
5343
11373
4916
5782
10923
5456
4398
5051
11103
5028
5152
4848
8257
4815
4837
1158
10136
3802
5130
4758
10912
5400
4117
10631
5152
5366
5006
10473
5197
5568
10608
5737
4837
3993
10811
5591
5343
9855
4196
5096
4252
7020
4443
3903
4623
6592
5377
3768
12116
4635
5703
6165
9618
3172
4286
9270
5760
5996
4623
1912
2441
2508
6513
2790
1867
3555
5580
3836
2632
8178
4365
4016
2632
7031
3633
3498
7987
3375
4713
5085
8347
4095
4725
4398
8493
4916
4410
5130
6388
7605
8977
9191
10170
8381
10451
10800
10192
9900
7762
9911
9641
10023
10608
8730
7762
9168
10698
10338
8921
10147
9776
8966
8831
10125
9405
9112
9461
8212
8460
10192
9765
10608
10451
10856
9112
9753
8808
9348
10181
10541
10012
9573
10158
8302
10755
10147
10968
8527
10057
8606
10068
8516
10170
10856
9675
9033
10406
8133
10496
9506
9630
11936
5580
4792
5287
9618
4770
2452
8988
5737
4927
4916
9798
5175
5208
12363
6457
6322
10136
3015
6007
11733
5726
6030
5130
7920
4713
5017
11778
6187
6288
10923
4421
4286
9326
4308
4252
5827
10822
5456
5028
11610
5726
5557
4050
11610
5748
5197
10766
6266
5478
10890
6153
5310
5793
12510
6547
4848
11351
5670
5647
4511
11441
4950
4860
9686
5422
5580
10552
5298
5400
5343
11373
4916
5782
10923
5456
4398
5051
11103
5028
5152
4848
8257
4815
4837
1158
13173
7728
7695
7503
15401
7571
6705
14692
7447
6423
13072
5321
5186
11452
7312
7987
15075
6817
8032
7987
16458
7886
8055
15671
8190
7346
14625
7796
7638
7413
15862
7863
7593
15131
7447
7121
15131
7852
8088
14692
7627
7852
15682
7740
7503
7841
15885
7830
8088
16267
8100
6671
16155
6873
7402
15941
6975
7886
6806
16256
3690
16436
7706
7976
15086
8516
7053
16222
8111
8448
7413
16008
7897
7098
15232
7380
7695
16290
7548
6986
7436
16200
8077
7998
15637
7931
8088
7087
15873
7661
7537
15986
6885
7200
14388
8223
8246
8077
16402
6468
7323
15637
7290
8460
15851
7492
7931
6986
16278
8111
8178
16571
8235
7155
6547
15716
7368
8167
15345
3420
16436
7706
7976
15086
8516
7053
16222
8111
8448
7413
16008
7897
7098
15232
7380
7695
16290
7548
6986
7436
16200
8077
7998
15637
7931
8088
7087
15873
7661
7537
15986
6885
7200
14388
8223
8246
8077
16402
6468
7323
15637
7290
8460
15851
7492
7931
6986
16278
8111
8178
16571
8235
7155
6547
15716
7368
8167
15345
3420
4387
12802
3521
4173
5445
6457
6277
3127
6783
6660
12510
5467
5411
12577
6975
5670
13623
5456
6311
12352
6975
6423
7065
12397
4680
6648
13275
6435
6885
13342
6075
5771
6851
13072
6581
6176
11778
5096
5152
10946
5512
5287
5602
11182
5771
5580
10451
4083
5332
5411
13083
6603
5906
12183
5343
6525
12217
5917
4871
10788
4635
4950
4938
10946
5703
6187
8381
4893
5703
2981
8201
3026
3555
4421
9112
4713
3825
9877
5782
5636
13218
6682
1912
11396
6367
2857
3240
11137
5107
6592
4668
11205
5208
4365
7200
3431
5748
5771
11868
6446
5973
6322
10665
5760
5805
10102
6153
5051
10417
5962
5535
11171
5478
4365
9337
4410
4365
5343
8043
5028
3813
10395
5411
5175
4736
10293
4882
5996
10721
5917
6277
13230
5355
5557
9956
2970
4646
5321
10383
3667
5636
4072
6570
4095
3543
7807
6041
5062
13320
6896
5647
9315
5388
5917
6333
12465
5242
3870
2137
1113
1923
2250
3015
1361
1170
495
922
6986
6491
5152
6558
10035
4432
6705
11193
6063
3948
6311
3195
2812
4162
4421
5760
4466
4803
5580
8358
8190
8955
7953
6637
5445
6311
7200
7560
7245
8685
8763
7087
5568
7706
8133
7222
8628
5996
4342
6603
8133
8730
7537
7841
8977
7920
9270
8752
8842
7458
7357
5051
7627
7627
8853
8302
8662
8415
7515
7053
8707
8988
8167
8201
9180
7785
8595
7717
8257
8021
9337
8516
8370
8685
8010
9067
8223
7807
8066
8235
8122
8943
5523
7436
9675
9393
9371
8842
8943
8752
12858
3768
7087
13207
3971
5152
3667
6030
4151
6547
6525
8122
1968
1912
15277
7560
6941
13837
6468
6176
8190
13500
5973
5940
6097
14377
7661
5985
13455
7110
7290
13443
7695
7863
11205
5557
7245
7515
14152
7908
6435
16076
8077
8223
7492
15401
7965
8381
14872
8291
6648
13770
7560
7852
7571
14456
7515
7807
15682
3645
7672
8257
15873
7908
7717
14433
7920
7683
4691
13331
7166
5512
5253
11925
5681
6502
11126
5175
4860
10496
2981
3093
3408
10057
6817
5220
6930
6153
5006
12285
6502
6491
5388
11418
6367
6491
13927
7245
7661
15243
5501
6840
8055
13410
2587
4657
14276
7177
7976
7998
15412
8010
7008
13893
8088
7053
15468
7897
7976
14636
7920
6738
7976
14163
7492
8145
15333
6626
6266
8302
16155
7818
7683
14141
7773
8066
7683
15682
1496
13871
6513
7121
7188
15626
7695
7897
13556
7402
8111
14310
7717
6952
7413
13106
7402
7953
14985
8122
6738
14175
7481
7425
13590
7717
7683
14872
8122
7357
7751
13938
7188
7458
7177
14737
6570
5703
12015
6311
5490
7717
8111
8021
16211
7627
7560
13263
6232
6333
6075
10653
6840
6907
14501
6795
7110
4882
13545
7267
6930
15108
7593
4792
7582
7728
7706
6480
7470
15716
7526
7582
14613
7852
7503
14613
7065
7740
6615
9101
3588
3971
12825
7447
8021
11688
7740
7413
7335
15165
6727
7953
12521
7537
7323
13747
6491
7616
7672
15210
7695
7830
12836
7695
6108
15322
7042
7537
7582
13871
6896
7425
15513
8145
7391
13320
5692
7098
14883
7211
7470
7132
13747
6086
7740
15300
7717
5917
8988
15052
6018
5265
7661
14400
7200
7807
15558
5883
6401
6885
11790
7267
6930
12825
7402
6378
6716
12791
6682
6412
12397
6243
4533
6502
2576
3993
5613
14197
5928
6322
12645
5366
5962
6446
4387
4162
13882
6243
4725
7267
13612
7166
5962
12161
6817
6772
7233
14186
6603
5861
13792
6525
7447
13162
6660
6097
6446
13185
6626
5906
13545
7503
5985
6761
12206
6423
5670
10833
4826
6311
4995
2784
9450
7509
8395
3121
9660
9492
9998
10251
9492
9618
8437
8310
9576
12192
3459
12445
9660
6876
8521
13120
9576
10251
9407
10040
10631
7889
9365
9998
10546
10378
6834
13795
10251
9618
9239
9871
10673
14006
10335
10800
10209
10167
5990
10884
7340
4598
9534
9914
6423
7357
11835
6626
3420
13680
6435
6885
9483
6547
5591
5501
7897
6761
5973
12318
6018
6075
11643
6232
6446
12296
5805
6030
6885
10845
5861
5748
12735
6390
5670
12420
5636
6255
5681
12993
6648
6063
13038
6131
6795
10147
4140
6210
6018
12060
6975
6311
12195
6570
6367
11913
6266
6210
6322
12408
6401
6198
12116
6705
6547
12521
5951
6086
10316
6300
5850
11846
6322
6851
5647
3420
1766
2396
11745
5073
6322
6603
2148
5220
12150
5355
4398
10856
6547
4725
6041
10687
5490
6435
3678
10676
5805
6153
6097
12116
5670
5366
8685
5670
5580
5422
11812
5636
5805
10102
5073
5141
10271
5107
4680
5490
10788
4916
5760
9967
5445
6255
5703
11475
6851
6311
11058
5816
6232
13151
6581
5388
11913
6536
5883
6750
13410
5771
5748
10125
5580
5512
11745
5411