9413
14086
24397
15979
18902
24709
24030
24526
25195
24104
18887
24501
23361
21700
16383
15532
23377
26007
16829
33002
21255
22376
22404
19985
25692
21798
20337
24516
21457
28224
28166
16240
27527
25972
16193
32685
23885
19991
23414
22198
23094
25878
16477
24331
22804
14170
33332
29759
16506
33058
25891
28808
23377
22878
23913
31861
17334
31521
17000
27944
29429
24240
22262
24290
29161
12301
27965
26318
24769
30438
27975
27325
17417
22187
24733
24695
15369
22427
25720
24816
23760
23151
22209
26643
24844
21963
25241
26014
23997
22237
28039
25200
16935
25945
26450
28579
32265
30547
25775
23401
24853
16957
17228
23108
26082
27660
22230
27361
23056
22955
23540
22952
24274
17101
24947
21489
25109
23805
30403
18164
27184
31323
26758
24140
20827
27464
27350
28104
24209
18049
25608
25586
18120
16988
31680
17296
22689
26348
28246
17831
24347
22412
25693
23728
23406
24546
27655
24572
28993
26550
24172
16986
23879
27067
28994
26566
30614
18445
26742
22495
17872
26280
21714
29476
29837
25451
23219
25000
27648
28241
28859
18021
30114
24036
18606
24412
23115
27357
27457
24690
26841
25218
21426
28846
22315
18138
29162
22494
25420
22932
29592
22949
25228
18004
17494
21418
18468
23683
23013
18011
24333
18226
20692
28961
21320
24986
23150
17461
18029
18294
24223
27833
25671
17237
28587
23848
25439
21389
14688
24471
29527
29601
24008
13341
24597
17578
18289
24201
28206
27328
17715
28060
12971
17931
22887
23677
13782
22100
21807
22140
24983
17550
28500
12892
24120
12909
13361
17824
28374
26512
27021
21224
24530
12475
23161
17486
12853
25689
26055
17450
12648
25667
27329
26316
12797
29351
17428
12394
13017
18055
22479
30246
26089
23722
17797
23008
29661
27064
24038
27745
25765
29081
23106
11917
27488
13644
25750
26985
21906
28255
21981
28726
24387
26610
23120
26215
17281
26661
23757
13649
28429
22703
26297
30893
28146
27460
11943
21521
25784
26828
26579
21533
26098
14537
21678
12550
12969
23288
16599
26664
28100
27404
17825
26928
28430
12370
26290
11896
23737
17374
28591
24921
22492
24661
17791
26301
26259
32537
13823
24581
28394
27450
24354
33506
21747
23746
25288
12787
24230
26753
22040
17911
13180
21750
26572
25240
14847
24429
28885
28149
25151
24606
25006
24331
28328
25839
13647
17734
29833
25275
23087
27218
24188
32761
28266
23313
23933
28377
29378
26326
17783
21022
22835
25045
13668
21549
23520
23681
29312
22434
30931
23775
22944
21588
13100
24708
17763
12787
12394
12553
21461
21974
25843
29836
26538
27567
26834
22157
25638
24966
23705
17815
17091
22628
27599
17912
33316
23008
22492
24826
22175
26848
23425
21390
26976
21384
28251
26311
17347
29233
30954
16632
31191
23425
22620
24075
22842
23735
26507
17064
23645
23959
11992
32840
33836
17014
32462
26353
26729
23751
24347
23731
32216
18314
34217
17260
26807
29693
22634
21901
24500
28558
12446
28944
25644
24945
32965
28097
27419
17486
23348
23593
24795
13418
25575
28218
23053
23878
23843
23385
25179
23056
21021
27382
24664
24072
22897
26294
22311
16685
27521
25101
26318
30000
28549
28672
23346
23493
16897
17497
21615
27866
26127
25102
26416
21476
22325
23500
23500
24236
17060
23671
20952
22660
27129
29568
18472
27155
30132
30015
22894
22754
28145
28014
27279
22345
18290
26247
24772
17364
17210
31618
16908
21633
28464
27262
18081
23140
21332
24930
23653
23331
22258
24134
23844
25915
26441
22450
17470
23777
26965
25767
23246
26407
17603
25892
23524
18430
24896
22122
31019
30508
25295
23060
25437
29145
30522
26015
18173
27071
21223
17716
23638
22934
27178
25639
26882
26934
24024
22596
27058
24659
19301
32408
24200
26198
26007
28262
26293
29380
25615
26268
29220
31228
23849
27704
26578
27580
31513
28989
17979
24744
25317
13478
13824
18744
22410
29698
24211
18434
23514
25422
24966
18084
19151
25935
27613
25167
18322
27239
29710
27356
17921
34247
17667
26123
26753
22873
25227
25300
23025
18058
25399
27486
13228
17807
23058
24392
18213
24617
25022
22383
33566
34303
30514
22914
27103
29240
29741
28967
27195
27360
26293
18406
29773
33757
21921
18094
27339
29305
25708
26435
28198
26943
29336
27976
18659
26493
18457
17780
17951
25239
32540
18227
13455
26123
25678
18763
27924
27151
28836
18870
24759
24107
24367
33163
23961
27190
19029
24025
24463
21853
23311
25956
29031
27974
26573
13628
23242
27628
25221
14348
19125
23509
17725
17740
21692
18923
24275
18470
23330
21959
27252
24850
28363
26052
30869
18068
18922
23199
27205
26238
18496
12410
29417
17893
18857
26915
18562
18125
31179
28569
23296
18180
26359
25730
17541
29235
30626
30294
32949
31815
25941
30616
25803
34857
15049
29246
25877
27012
29136
25388
18434
30330
23297
17875
18026
25569
30828
30028
30299
31612
27224
33111
23526
27771
25050
28123
23882
27646
22041
32198
31215
26181
28292
29269
28810
25146
18400
23924
26829
25582
15102
27618
27479
23292
23922
18137
18109
24088
24280
28941
35004
32239
13249
23328
35225
29579
29330
28639
25686
23710
23197
32212
25216
24184
13526
22680
25876
33649
17791
27598
28776
22570
26398
25818
29473
28819
27394
23588
18203
26915
18206
13092
24891
26129
22929
25201
18039
24115
26713
18990
25644
18583
28230
18888
21847
24674
22955
30926
29076
28177
23100
18873
30191
27172
22043
32131
25906
25954
24860
29342
17857
26126
32773
23143
27226
22411
17789
28278
30393
26945
24833
27173
26903
27727
27873
26580
31486
29546
27773
18846
26304
18120
30200
17993
19142
18570
29031
27324
19630
24784
17662
29456
23212
27951
26815
24652
28277
23247
29832
30816
24520
31651
31032
25556
25888
29470
22386
18313
19095
25045
28903
24866
25711
34587
18074
26993
24397
22195
28402
26662
26467
30487
17771
24101
29786
32914
31068
29949
25157
25122
18932
25723
23460
25552
28710
26746
18300
18910
23401
25601
31519
23081
25463
24017
18517
18363
25203
30493
27321
23563
26554
27492
27714
28261
18258
30676
27482
30701
22209
27582
22498
26411
21686
27134
24742
25268
31799
14267
25170
18817
27230
28808
18768
23379
18893
24436
35425
25736
24703
25236
30251
26297
24451
29126
18652
36381
22448
23267
27524
33105
25516
18180
26221
18430
26307
28175
27395
25226
29890
30385
14425
25941
27234
22970
26422
18023
23025
13344
13232
32724
19645
33054
24936
17727
13516
13205
23603
18886
29248
15318
19054
26355
17835
24654
27350
34218
32456
22649
19426
18421
27906
22198
18163
21623
30315
25873
26963
27997
29757
27037
30552
21529
28903
25426
29961
23690
18076
31076
26844
26834
31506
19146
29940
27561
28244
29750
26321
28627
29807
29340
26602
18259
23837
19656
27952
28552
29961
18757
25073
27178
25634
25556
26901
32657
19235
27479
19027
12921
18314
19105
22744
21444
24380
23635
28005
18263
27840
25166
14363
28237
23960
26486
23094
18002
18123
18524
19573
26766
21948
24324
27160
23678
27439
30505
17952
23784
26244
29943
18681
25774
25173
36052
31719
27412
27913
28724
27074
27998
18934
22395
22185
32525
23508
23284
18129
18650
19551
25476
23799
27300
29269
31027
26905
27887
26154
23189
31794
29964
26416
19238
21476
25939
18312
26730
17857
12470
30496
22740
18547
18162
18135
26407
28943
19296
19453
19069
21734
18688
15287
19201
31544
18193
27617
23042
30483
32112
25766
26603
31585
28100
24159
27751
26507
30828
18114
24050
18927
22711
18614
18105
30000
24183
28611
28730
27855
18376
23555
26544
26706
19127
23621
24500
27994
27425
31206
28464
19415
36231
18251
30433
28647
14395
18887
15276
18922
28099
33372
26484
23998
25751
31144
31153
23124
18240
27971
18710
26182
28358
27643
17989
23387
18300
28373
28510
27938
13721
18058
23739
33882
25565
13642
18673
18378
27611
28071
13127
13225
13635
18291
23988
18785
18749
26036
26650
28153
31164
26881
27159
24280
24500
28847
18277
28760
18065
18138
13630
29874
13352
13625
18643
18648
18552
19576
13401
27995
28693
17810
27863
17980
19111
12430
29761
13281
26920
27664
18196
30452
22635
23959
23712
28116
23703
18661
18891
30727
30030
29249
30655
33036
18607
24260
23001
24470
25708
27911
32612
31835
26449
29566
29136
23959
29834
28223
24693
19360
18557
19485
25047
15428
32982
32863
33934
28858
24178
19320
24751
26188
18392
22207
25758
25908
30471
29968
18705
23688
31569
23730
17741
13386
17775
27457
18418
27676
13274
13654
32987
18414
19373
28138
18653
25263
22263
18350
22374
27284
31362
27713
25897
18731
24011
27772
30882
18878
29305
29277
26920
18911
25656
18663
13505
30143
18192
27156
28298
30884
22665
29940
23577
26502
22827
23751
30978
24952
18810
24280
27885
27947
24466
26365
24764
29057
25970
30247
27970
18228
26608
23416
32594
25711
24261
26859
27334
18411
19440
28962
18395
23386
31793
29213
27795
13832
13678
25504
18199
31606
17395
17478
30661
23129
26475
18560
26702
32224
36046
32473
23257
22211
30474
27151
26794
27695
13472
23554
22651
24920
26536
24282
32297
18709
26808
18903
25844
27623
25279
21812
25615
24913
13375
28740
12548
32170
31081
14514
27313
19331
24373
14162
23235
32931
25736
24967
23893
25627
18706
18686
22278
29988
27192
26589
30418
24869
18682
26361
19066
30160
22819
28293
27324
18876
23551
18518
23570
26948
29620
27571
35255
29651
23054
27306
26117
14629
28435
24435
24025
25123
18975
29851
25278
18515
25402
22475
25686
23850
22253
22982
27286
18993
28005
25343
25022
24965
23988
31893
27799
18861
26286
23738
26955
34466
14571
18826
25768
25544
22436
26731
23512
27941
25910
27767
26350
28315
26056
18334
31298
31077
25346
18097
25663
19172
24619
22628
26424
22090
18306
25012
19011
26566
29149
27093
24245
18256
32192
32440
27858
19123
24896
28945
31449
18879
29734
22523
32537
30714
18357
18231
17938
17633
22162
31370
25312
30427
23903
26152
23547
18566
24457
29267
29800
26694
25752
18298
34834
25807
19575
27483
24251
30486
31903
33018
27270
17653
29110
22879
26679
23535
25512
32139
28188
28360
25744
22967
25558
27588
26771
27991
18604
18397
18883
18376
28008
22957
24299
18761
22754
22900
13871
21841
18812
28486
23078
27603
25171
26709
25382
29737
26732
30462
28933
28832
23787
25779
30873
19234
28514
23953
31322
29217
21611
28005
23770
27897
27643
29167
23126
27468
26964
32484
28537
26866
24400
12535
22757
25582
25189
27370
29388
24064
29816
12654
23573
22049
15130
14655
15196
27904
30792
25521
13488
22438
18740
23111
19599
19135
30594
23050
31470
28272
24777
21766
26062
25730
24038
33380
19531
29281
15397
26894
28603
27041
27686
15572
13894
30084
25747
23314
23613
26541
21543
24931
28062
25613
24002
23592
23896
26469
25834
27652
26203
32951
29489
35535
32300
26195
18915
34353
22383
25733
25024
24199
27860
23676
24320
17690
31348
24877
19058
28827
13393
28770
33686
19202
17886
32128
30153
28680
18558
26107
23227
18732
25106
35000
19149
22977
25409
34612
26697
26638
23456
26688
24054
28488
31806
22595
18378
17634
22552
17892
25104
21818
26147
28945
25928
19001
27954
19056
31503
26420
29563
25784
19143
27338
32146
34658
28021
23287
18283
19197
35182
24560
17885
23792
29006
24604
23402
17712
18553
28853
19474
29072
17766
25922
26365
19133
18001
28066
18015
30177
26938
27945
24183
32446
34029
25572
28750
26397
32102
12499
19386
24212
30623
26807
29349
18387
27504
25000
22231
31844
26421
22223
27248
23238
26116
25968
27649
29670
29769
31806
30873
13367
29314
22297
23063
25828
19077
25232
27074
29846
27699
27089
30904
25412
13146
17890
23490
19251
29136
27194
19040
19209
31247
23225
35499
29186
24600
31040
26113
27292
23798
24286
17604
17433
13595
18106
18589
22060
24724
33492
27409
29907
28930
28380
18791
26747
32090
24441
18834
28588
19391
26513
18608
18559
26497
23415
18920
33066
32996
17654
25122
19397
28955
25298
25565
18736
28719
18265
27121
25040
27254
25734
18109
23688
23288
25522
18244
27082
21517
18329
18383
18351
24268
17707
22431
23661
18697
19383
30538
30637
24942
27561
26532
15152
34749
26309
18988
23926
31869
28635
25439
24425
15113
27167
30582
18546
24313
26582
25293
25292
29963
25627
29967
25525
31260
32106
27510
17781
13766
18471
29293
28523
19569
28969
24086
28692
30685
28752
25399
27691
31936
18339
19096
33210
17963
25206
17679
18175
30104
23113
17720
32610
29000
27572
22615
34295
31600
17954
23279
24838
24262
17819
25787
29726
22699
32928
26783
27570
27483
23860
27255
18807
23345
23750
27960
30024
30506
26156
19597
26785
18739
29837
22725
27934
35327
34349
28940
28328
18429
30055
24128
18997
30359
22975
27334
22246
22191
27439
24803
27162
22780