2280
2370
2210
2220
5270
4530
5660
6560
6490
2390
2400
2470
2500
2500
2490
2490
3280
9820
6960
4260
2790
9820
6960
2660
2680
2790
2920
3270
4330
15350
2360
2590
14620
15760
8000
5180
8200
22670
17130
6110
12640
6870
5660
3430
10250
1620
1630
1620
1620
1620
1620
1630
1810
1640
1710
1630
1920
1610
1660
2000
1650
1630
1630
1620
1820
1160
1120
1130
5590
1240
1240
1530
6110
1410
1700
1390
2920
2520
1240
1230
3070
3100
6280
1410
2940
2580
4190
3430
4110
11490
6360
7180
1840
7660
1436
6920
5700
1910
5830
6100
7250
4110
5680
12330
5760
5700
6330
5820
6120
5870
6810
5700
25390
6190
47520
6000
7430
7130
7520
7990
5990
9340
6240
7130
6470
5680
8760
4680
6050
5680
6820
5720
5630
9150
5690
4260
12760
5670
13140
3830
1710
3730
3190
5190
11590
1720
6560
1160
1790
2350
1160
2500
2640
2630
2500
4880
1490
1400
1980
46060
3090
3080
3100
11050
9770
9710
9460
9760
3840
890
1850
2200
2560
570
550
13040
16900
2190
7350
15190
2730
2600
1200
2320
1490
3460
820
3170
2830
2760
3120
1020
2240
980
1730
2330
1280
4150
3130
1530
2250
2460
1700
790
1930
2810
1510
41720
17740
2900
1520
2410
580
2510
1570
1460
4300
2390
3760
5100
800
1510
3130
2350
2550
1620
2010
1730
3160
2280
800
2470
3140
1950
23580
2440
630
1160
2690
14630
1440
2420
2030
3010
28660
3160
14050
2770
8040
2630
2630
12170
3030
3050
18970
5860
2970
2950
2930
5840
2980
2950
2940
2930
2950
2940
2980
18340
3010
3020
3030
3040
6080
3020
16870
9320
3030
3030
3010
3030
9120
3370
3570
9250
3370
3360
3380
13010
8980
12160
3390
3380
3040
3160
12810
11840
11750
9890
8990
8430
2960
2880
2860
2860
8930
8780
2820
2800
9080
8800
8740
8910
8150
9110
3180
14770
5610
7850
9070
3160
9110
3240
19190
11630
6740
6000
5610
5800
9510
43260
8580
24010
21180
34290
13110
9470
9820
10140
8650
12530
8270
16900
9480
8330
8610
13450
45490
34230
11970
9710
23570
9830
18890
10450
9030
22380
19300
11370
13810
8660
8520
11650
9070
8720
16130
9060
9370
8420
11410
21140
8470
9580
13770
11700
22390
3050
25050
16390
17210
13360
18310
7160
18510
11850
8160
6090
3150
3160
14550
14710
10690
2970
2980
6060
3060
12220
3120
12180
11050
8930
3020
9170
9420
11150
9310
8860
16830
12020
8960
8996
8990
9210
9330
14360
8950
49190
9400
32300
8950
11720
12210
11780
9300
9210
14980
9100
11770
8970
8900
13940
8820
9000
9000
8880
9010
13660
8900
6310
18320
9000
1770
330
620
3210
250
380
49390
5950
960
3130
380
850
770
4210
1180
290
1130
1140
370
540
2140
770
7700
680
650
3530
10550
3470
18050
3490
11540
11420
10580
16210
12260
16730
29520
22000
21720
12410
11520
12860
14750
3020
3020
3000
3020
3020
3010
3020
3020
3020
3040
3030
3020
3010
3010
3020
3060
3010
3020
3010
3020
3040
3030
3010
3020
3010
3020
3020
3010
3010
3020
3010
3020
3080
3010
3050
3010
3030
3040
3000
3010
3020
3010
3020
3020
3020
3010
3010
3020
3010
3020
3020
3020
3020
3050
3030
3020
3010
3020
3010
2840
2840
17010
11240
3680
3720
10430
9960
6370
11240
5480
8800
5780
13600
5430
14010
12510
5490
12330
9220
8430
16570
11470
21160
13960
11230
11810
8570
8830
9130
3020
7870
2640
12510
5490
12330
9220
2650
11240
3880
15790
8350
8970
11980
10970
8350
14600
8220
8140
9100
8440
8470
9880
13190
7910
11010
8700
10360
8970
8390
11280
34090
10060
8380
8680
8360
11610
9620
1640
1580
11250
3440
1790
1810
29990
1720
12130
5690
5780
6880
3380
9530
3140
12870
6810
22060
12700
2110
2100
6310
2130
49110
2650
9040
10050
49290
8170
2820
2820
2800
2830
2810
2810
2810
2810
2800
2810
2830
2820
2810
2820
2820
2820
2810
2970
2820
2810
2810
2820
2810
2810
2810
2820
2840
2820
2820
2810
2810
2830
2880
2820
2830
2820
2840
2840
2760
2820
2780
2810
2810
2800
2750
2810
2830
2870
2810
2820
2750
2810
2750
2860
2820
2840
2810
2900
2810
2830
2810
2810
2820
2760
2840
2840
2760
2870
2820
2820
2940
2810
2830
2810
2820
2740
2850
2820
2810
2810
2820
2820
2810
2810
2760
2830
2810
2810
2820
2810
2820
2810
2810
2820
2810
2820
2810
2810
2800
5730
2940
2950
2960
2950
2940
2950
2970
2950
3010
2950
2950
2950
2940
2940
3000
2940
2950
2950
2940
2940
2950
2940
2930
2940
2950
2940
2950
2950
2950
3010
2950
2940
2890
2940
2940
2960
2950
4310
2960
2940
2940
2950
2940
2940
2950
2980
2950
2940
2940
2940
2000
2630
8150
2730
8570
2860
11750
2800
7760
2640
17760
9240
9120
29700
13970
5350
42460
9000
30230
2980
14230
2860
9460
14950
14070
3650
8160
2570
6610
12330
7040
7060
8060
6590
16860
6930
11120
8290
8160
28610
11120
19330
34400
26630
30760
13470
14250
48130
9140
14510
18290
10460
28810
24690
32090
32080
9070
9120
16770
12110
8210
2740
49500
11580
13210
10250
10450
11020
29000
7700
8330
11310
29920
13290
17090
51100
8960
9230
11280
16350
9290
13290
6400
8760
9170
14570
11310
8640
14050
11560
11110
8450
10370
18880
13690
11270
11180
13250
14600
8020
5070
13980
6680
14010
19550
35310
29330
10200
8150
10320
11170
20900
33080
12960
13320
13840
34120
8800
12910
8130
4860
4840
4440
4550
4300
4860
4640
4530
4560
4580
4320
4630
4530
4540
4360
5020
4890
4380
4460
4770
7770
4860
4760
4310
4500
4380
4320
4770
4310
9860
4280
4190
4240
4670
4220
4730
4620
4240
4820
4590
5360
6950
4440
4620
4510
4580
4580
4480
4610
4530
4310
4260
5000
4820
4810
5080
4850
5020
4950
4820
4830
5030
5010
4870
4800
5000
4720
4680
4650
4840
4960
4990
9340
4890
4630
4620
4740
5100
4960
4840
4830
4840
4970
4990
4930
4610
4660
4640
4780
4710
4730
4930
16230
5050
34990
4400
2150
47700
9460
9570
17530
14280
12690
2000
1990
2010
11900
2000
10170
10940
2480
2540
6780
2870
17900
2280
8410
2610
2540
5220
2230
5220
2230
2820
2530
2560
2220
2870
2250
4070
18560
9630
2520
24500
2430
2870
2480
2630
2530
2260
2220
2420
2510
4460
17700
2590
4140
2490
2700
2200
4690
2210
2620
2570
1830
9130
1820
1840
1830
1810
1850
2190
2190
2180
8860
2530
2520
2550
2670
13310
7210
11250
18640
3310
6880
10870
1720
10890
1830
1700
1690
10860
1710
1690
1690
3330
1720
10920
1710
10840
10930
1720
1690
1680
1710
12620
7260
4830
1530
1530
7770
14080
4110
10200
4190
4180
3990
4790
4540
8200
4640
3150
1600
1600
1610
1640
3890
15390
3280
3310
7650
5270
5510
5190
6580
9690
7420
5070
24970
5600
10370
21550
3430
1560
2930
4340
8360
1570
1580
4310
1330
4910
3300
1680
1680
1670
1680
1680
1680
3100
5530
2880
4800
8460
4340
4200
1540
2770
4130
4490
16210
1450
1460
1500
1620
1460
1440
1510
1520
4310
1600
6530
1510
1450
3160
1670
1570
1600
1600
1340
260
1350
2450
5550
6050
5040
1770
3040
1140
38610
970
1500
470
560
1700
460
450
390
750
380
370
370
380
370
370
380
400
390
380
370
370
3400
1780
560
570
570
550
560
3900
2920
1330
1440
410
420
1240
1540
430
390
3700
5550
3830
5800
1630
2230
5550
3830
5800
1630
2300
2300
2300
2310
2280
2300
2280
2290
2310
2290
2290
2290
2600
2310
6300
3980
1530
1530
5360
1670
5060
1650
1510
1510
5560
1670
4900
1510
1510
7010
1040
390
13010
1970
1800
4090
2140
1610
12350
3230
1600
2950
1480
4060
4330
4250
3210
2890
3310
7120
5090
5590
7740
14960
18550
8450
4510
5720
7070
4290
5050
8490
4130
5460
4320
5800
5990
30830
16160
6000
5820
21840
6880
5600
5290
6300
16280
8940
5440
9190
4280
4810
4760
1220
2090
1170
1480
3670
3830
1370
3590
3440
3600
3590
3510
1350
1350
3530
3460
3470
3460
3780
3610
1350
1360
1360
1340
1350
1350
1340
1350
1360
1170
950
1350
800
1180
1170
1170
1180
1170
1170
1170
1170
1180
4390
1240
5150
1500
9000
5750
1410
1380
1390
1540
10600
5710
2260
2160
4890
5690
2660
4980
2640
5640
2650
8150
2650
5360
3260
21300
6640
18560
11710
11040
6930
5810
4900
4990
1410
4870
1390
2920
4260
9550
4080
1260
4550
2360
7510
25890
6400
23840
15110
10510
10790
1890
5170
1640
5800
3730
10000
7610
9730
3190
3190
9540
3720
16910
12830
3200
10900
12940
10820
8670
38810
4560
1570
1570
1570
1560
1580
1580
8780
9750
9360
5470
2510
2520
7730
2490
2550
6800
2100
2100
2110
16810
3050
3060
11030
5900
3620
18820
3050
9790
13950
10760
7510
30640
13280
33130
8860
7940
2850
2710
2880
8160
4320
8950
19250
1520
5890
1740
2870
5950
2190
3440
13570
10870
32720
5630
14360
6010
6550
9810
5520
6870
10450
8130
6520
7930
5160
6190
4970
12720
6710
7070
1140
700
710
13670
5090
1140
600
600
1510
600
610
1120
600
600
1500
1110
1490
1120
590
1510
15770
15780
1490
4360
1670
380
2280
2310
3140
1980
7050
3290
2470
4420
6540
4120
5900
3030
7130
8230
5460
1900
1900
1890
1900
1800
1900
1900
1800
1810
1800
1900
1900
1800
1900
1900
1900
1900
3640
3520
1100
3640
3220
1100
1090
3660
1250
4170
1330
5920
2120
870
880
1080
8560
2230
2070
2560
840
830
2640
840
850
6280
4240
2330
2330
2040
860
900
1460
2790
850
850
1250
6230
3780
1880
500
250
800
1950
2570
4140
2240
670
370
4380
1920
1190
3510
1400
3310
13410
4230
11410
5230
6840
360
2450
990
660
700
4080
470
1480
1080
2670
940
3240
2800
2110
3240
1120
3160
3640
3120
4470
4410
4460
4420
4290
4400
4400
4340
4350
4460
4350
4270
4290
4280
4420
4420
4300
4420
4260
4470
4300
4290
4340
4340
4290
2890
4290
4290
1780
3580
2190
2170
2180
2180
2200
2230
2200
2200
2190
2240
2180
2180
2260
2190
2190
2200
2170
2100
2510
5240
2080
2090
2090
8680
3000
2840
6770
3550
3320
30810
2860
6540
9860
6300
7560
25700
9930
19490
6540
7030
2520
2490
2590
6760
3070
3010
2540
11030
4420
5830
2530
4450
2120
5190
2690
12580
9930
7000
7780
4910
5700
9320
5760
9670
5820
4110
3990
1670
7420
2720
9300
9300
1580
1520
6280
4620
1860
6370
2510
4620
5050
6900
6300
6240
1630
1630
4380
7080
4630
1520
1490
2930
1550
6200
1610
7720
6040
5970
1490
5780
5290
6180
6020
5870
13710
6040
5960
5860
8810
6100
6000
5940
5870
6160
27850
5950
6280
5160
5950
8350
6050
8790
9360
7280
4520
5810
28290
3880
4460
5920
4810
5860
4540
6110
4600
3840
8030
31540
8010
2520
33290
2760
6700
3040
3040
3060
17310
7130
5500
3160
47990
2300
2350
30410
5150
7740
8910
30760
9760
8380
31000
34930
28680
5040
4610
38650
2300
9790
2580
8380
2340
7930
2580
8480
8280
10050
6830
26780
6610
15030
2210
10610
29250
47670
9970
10110
29630
2670
2340
2530
2180
640
2440
4420
1700
290
2780
3040
5140
3730
3830
3740
55680
2120
2240
2120
55950
3780
3740
3750
14890
5290
7660
56900
6540
15050
53420
800
890
7310
5420
2100
9420
2430
24850
20450
2540
2570
2490
7510
8840
17150
4420
4220
2110
3030
17870
1940
9930
7340
2010
8790
7040
9790
6800
11610
28770
28650
28420
9680
7740
38320
3150
4180
5580
1440
1450
1000
1010
4970
3340
3360
3310
3840
3580
1780
5580
1940
6730
14320
5860
1760
1740
5780
4910
7070
1800
1780
8010
10470
1980
9540
10180
6090
7460
6930
1830
8050
10850
7020
8380
14990
5940
8710
11270
7080
7210
8390
7020
6640
7200
8900
6430
7590
6780
5780
6690
7410
7680
8760
13230
6910
4900
12830
15220
4920
9050
10900
8320